Linux 2.6.32-042stab120.16 (college-cloud) 	04/19/2017 	_x86_64_	(8 CPU)

05:02:21 PM  pgpgin/s pgpgout/s   fault/s  majflt/s  pgfree/s pgscank/s pgscand/s pgsteal/s    %vmeff
05:02:22 PM      0.00      0.00     38.38      0.00     72.73      0.00      0.00      0.00      0.00
05:02:23 PM      0.00     84.00     39.00      0.00     62.00      0.00      0.00      0.00      0.00
05:02:24 PM      0.00      4.04     32.32      0.00     62.63      0.00      0.00      0.00      0.00
05:02:25 PM      0.00      0.00     32.32      0.00     62.63      0.00      0.00      0.00      0.00
05:02:26 PM      0.00      0.00     31.68      0.00     67.33      0.00      0.00      0.00      0.00
05:02:27 PM      0.00    238.38    180.81      0.00     75.76      0.00      0.00      0.00      0.00
05:02:28 PM      0.00      0.00     32.00      0.00     65.00      0.00      0.00      0.00      0.00
05:02:29 PM      0.00    642.42     32.32      0.00     62.63      0.00      0.00      0.00      0.00
05:02:30 PM      0.00      0.00     43.00      0.00     74.00      0.00      0.00      0.00      0.00
05:02:31 PM      0.00     16.00     33.00      0.00     66.00      0.00      0.00      0.00      0.00
Average:         0.00     97.99     49.40      0.00     67.07      0.00      0.00      0.00      0.00
