Linux 2.6.32-042stab120.16 (college-cloud) 	04/19/2017 	_x86_64_	(8 CPU)

05:03:23 PM  pgpgin/s pgpgout/s   fault/s  majflt/s  pgfree/s pgscank/s pgscand/s pgsteal/s    %vmeff
05:03:24 PM      0.00      0.00     38.38      0.00     62.63      0.00      0.00      0.00      0.00
05:03:25 PM      0.00      0.00    140.00      0.00     70.00      0.00      0.00      0.00      0.00
05:03:26 PM      0.00      0.00     32.00      0.00     61.00      0.00      0.00      0.00      0.00
05:03:27 PM      0.00      0.00     32.00      0.00    104.00      0.00      0.00      0.00      0.00
05:03:28 PM      0.00   2096.00     32.00      0.00     68.00      0.00      0.00      0.00      0.00
05:03:29 PM      0.00      0.00     34.00      0.00    260.00      0.00      0.00      0.00      0.00
05:03:30 PM      0.00      0.00     43.00      0.00     72.00      0.00      0.00      0.00      0.00
05:03:31 PM      0.00     16.16     33.33      0.00     85.86      0.00      0.00      0.00      0.00
05:03:32 PM      0.00      0.00     36.00      0.00     64.00      0.00      0.00      0.00      0.00
05:03:33 PM     20.00    284.00    536.00      0.00    369.00      0.00      0.00      0.00      0.00
Average:         2.00    240.08     95.79      0.00    121.74      0.00      0.00      0.00      0.00
