Linux 2.6.32-042stab120.16 (college-cloud) 	04/21/2017 	_x86_64_	(8 CPU)

09:59:34 AM  pgpgin/s pgpgout/s   fault/s  majflt/s  pgfree/s pgscank/s pgscand/s pgsteal/s    %vmeff
09:59:35 AM      0.00      0.00     38.00      0.00     79.00      0.00      0.00      0.00      0.00
09:59:36 AM      0.00      0.00     40.00      0.00     61.00      0.00      0.00      0.00      0.00
09:59:37 AM      0.00      0.00     32.00      0.00     61.00      0.00      0.00      0.00      0.00
09:59:38 AM      0.00     32.00     32.00      0.00     61.00      0.00      0.00      0.00      0.00
09:59:39 AM      0.00      0.00     32.00      0.00     89.00      0.00      0.00      0.00      0.00
09:59:40 AM      0.00      0.00     43.00      0.00     75.00      0.00      0.00      0.00      0.00
09:59:41 AM      0.00     16.00     33.00      0.00     66.00      0.00      0.00      0.00      0.00
09:59:42 AM      0.00     16.00     32.00      0.00     61.00      0.00      0.00      0.00      0.00
09:59:43 AM      0.00     72.00     32.00      0.00     66.00      0.00      0.00      0.00      0.00
09:59:44 AM      0.00      0.00     34.34      0.00    245.45      0.00      0.00      0.00      0.00
Average:         0.00     13.61     34.83      0.00     86.29      0.00      0.00      0.00      0.00
