Linux 2.6.32-042stab120.16 (college-cloud) 	04/21/2017 	_x86_64_	(8 CPU)

10:00:42 AM  pgpgin/s pgpgout/s   fault/s  majflt/s  pgfree/s pgscank/s pgscand/s pgsteal/s    %vmeff
10:00:43 AM      0.00    129.29     38.38      0.00     65.66      0.00      0.00      0.00      0.00
10:00:44 AM      0.00      0.00     39.00      0.00     61.00      0.00      0.00      0.00      0.00
10:00:45 AM      0.00      0.00     32.00      0.00     63.00      0.00      0.00      0.00      0.00
10:00:46 AM      0.00      0.00     32.00      0.00     61.00      0.00      0.00      0.00      0.00
10:00:47 AM      0.00     44.00     32.00      0.00     84.00      0.00      0.00      0.00      0.00
10:00:48 AM      0.00     43.56     31.68      0.00     60.40      0.00      0.00      0.00      0.00
10:00:49 AM      0.00      0.00     32.00      0.00     62.00      0.00      0.00      0.00      0.00
10:00:50 AM      0.00      0.00     43.00      0.00     72.00      0.00      0.00      0.00      0.00
10:00:51 AM      0.00     16.16     33.33      0.00     79.80      0.00      0.00      0.00      0.00
10:00:52 AM      0.00      4.00     33.00      0.00     61.00      0.00      0.00      0.00      0.00
Average:         0.00     23.62     34.63      0.00     66.97      0.00      0.00      0.00      0.00
