Linux 2.6.32-042stab120.16 (college-cloud) 	04/21/2017 	_x86_64_	(8 CPU)

09:58:30 AM  pgpgin/s pgpgout/s   fault/s  majflt/s  pgfree/s pgscank/s pgscand/s pgsteal/s    %vmeff
09:58:31 AM      0.00     16.00     39.00      0.00     67.00      0.00      0.00      0.00      0.00
09:58:32 AM      0.00      0.00     64.65      0.00     71.72      0.00      0.00      0.00      0.00
09:58:33 AM      0.00     68.00     32.00      0.00     61.00      0.00      0.00      0.00      0.00
09:58:34 AM      0.00      0.00     32.00      0.00     61.00      0.00      0.00      0.00      0.00
09:58:35 AM      0.00      0.00     31.68      0.00     60.40      0.00      0.00      0.00      0.00
09:58:36 AM      0.00      0.00     32.00      0.00     62.00      0.00      0.00      0.00      0.00
09:58:37 AM      0.00      0.00     32.00      0.00     61.00      0.00      0.00      0.00      0.00
09:58:38 AM      0.00    108.00     32.00      0.00     65.00      0.00      0.00      0.00      0.00
09:58:39 AM      0.00      0.00     32.00      0.00     61.00      0.00      0.00      0.00      0.00
09:58:40 AM      0.00      0.00     43.00      0.00     87.00      0.00      0.00      0.00      0.00
Average:         0.00     19.20     37.00      0.00     65.70      0.00      0.00      0.00      0.00
