Linux 3.13.0-95-generic (vagrant-ubuntu-trusty-64) 	04/21/2017 	_x86_64_	(4 CPU)

04:25:57 AM  pgpgin/s pgpgout/s   fault/s  majflt/s  pgfree/s pgscank/s pgscand/s pgsteal/s    %vmeff
04:25:58 AM      0.00      0.00     29.00      0.00    210.00      0.00      0.00      0.00      0.00
04:25:59 AM      0.00      0.00     98.00      0.00    198.00      0.00      0.00      0.00      0.00
04:26:00 AM      0.00      0.00    779.00      0.00    244.00      0.00      0.00      0.00      0.00
04:26:01 AM      0.00     68.00    184.00      0.00     58.00      0.00      0.00      0.00      0.00
04:26:02 AM      0.00      0.00  80972.28      0.00  27097.03      0.00      0.00      0.00      0.00
04:26:03 AM      0.00      0.00     34.00      0.00    101.00      0.00      0.00      0.00      0.00
04:26:04 AM      0.00    192.00     36.00      0.00     58.00      0.00      0.00      0.00      0.00
04:26:05 AM      0.00      0.00    119.00      0.00     75.00      0.00      0.00      0.00      0.00
04:26:06 AM      0.00      0.00     65.00      0.00    131.00      0.00      0.00      0.00      0.00
04:26:07 AM      0.00    116.00     65.00      0.00     59.00      0.00      0.00      0.00      0.00
Average:         0.00     37.56   8310.79      0.00   2847.35      0.00      0.00      0.00      0.00
