Linux 3.13.0-95-generic (vagrant-ubuntu-trusty-64) 	04/21/2017 	_x86_64_	(4 CPU)

04:27:12 AM  pgpgin/s pgpgout/s   fault/s  majflt/s  pgfree/s pgscank/s pgscand/s pgsteal/s    %vmeff
04:27:13 AM      0.00      0.00     62.00      0.00    285.00      0.00      0.00      0.00      0.00
04:27:14 AM      0.00      0.00     42.00      0.00    185.00      0.00      0.00      0.00      0.00
04:27:15 AM      0.00      0.00     90.00      0.00     91.00      0.00      0.00      0.00      0.00
04:27:16 AM      0.00     36.00    130.00      0.00     57.00      0.00      0.00      0.00      0.00
04:27:17 AM      0.00      0.00     58.00      0.00    221.00      0.00      0.00      0.00      0.00
04:27:18 AM      0.00      0.00     80.00      0.00    102.00      0.00      0.00      0.00      0.00
04:27:19 AM      0.00      0.00     29.00      0.00     57.00      0.00      0.00      0.00      0.00
04:27:20 AM      0.00      0.00    799.00      0.00    312.00      0.00      0.00      0.00      0.00
04:27:21 AM      0.00     28.00     51.00      0.00     61.00      0.00      0.00      0.00      0.00
04:27:22 AM      0.00      0.00     27.00      0.00     68.00      0.00      0.00      0.00      0.00
Average:         0.00      6.40    136.80      0.00    143.90      0.00      0.00      0.00      0.00
