Linux 3.13.0-95-generic (vagrant-ubuntu-trusty-64) 	04/21/2017 	_x86_64_	(4 CPU)

04:28:12 AM  pgpgin/s pgpgout/s   fault/s  majflt/s  pgfree/s pgscank/s pgscand/s pgsteal/s    %vmeff
04:28:13 AM      0.00      0.00     30.00      0.00     58.00      0.00      0.00      0.00      0.00
04:28:14 AM      0.00      0.00     34.00      0.00     55.00      0.00      0.00      0.00      0.00
04:28:15 AM      0.00      0.00     34.00      0.00     63.00      0.00      0.00      0.00      0.00
04:28:16 AM      0.00      0.00    187.00      0.00    193.00      0.00      0.00      0.00      0.00
04:28:17 AM      0.00     52.00     29.00      0.00     65.00      0.00      0.00      0.00      0.00
04:28:18 AM      0.00      0.00     25.00      0.00     56.00      0.00      0.00      0.00      0.00
04:28:19 AM      0.00     96.00     27.00      0.00     55.00      0.00      0.00      0.00      0.00
04:28:20 AM      0.00      0.00    774.00      0.00    229.00      0.00      0.00      0.00      0.00
04:28:21 AM      0.00      0.00     24.00      0.00     57.00      0.00      0.00      0.00      0.00
04:28:22 AM      0.00     48.00     29.00      0.00     62.00      0.00      0.00      0.00      0.00
Average:         0.00     19.60    119.30      0.00     89.30      0.00      0.00      0.00      0.00
