Linux 3.13.0-95-generic (vagrant-ubuntu-trusty-64) 	04/19/2017 	_x86_64_	(4 CPU)

11:26:33 AM  pgpgin/s pgpgout/s   fault/s  majflt/s  pgfree/s pgscank/s pgscand/s pgsteal/s    %vmeff
11:26:34 AM      0.00      0.00     67.00      0.00     97.00      0.00      0.00      0.00      0.00
11:26:35 AM      0.00      0.00     71.00      0.00     65.00      0.00      0.00      0.00      0.00
11:26:36 AM      0.00      0.00     23.00      0.00     55.00      0.00      0.00      0.00      0.00
11:26:37 AM      0.00      0.00     31.00      0.00     97.00      0.00      0.00      0.00      0.00
11:26:38 AM      0.00    136.00    283.00      0.00     96.00      0.00      0.00      0.00      0.00
11:26:39 AM      0.00      0.00     82.00      0.00    188.00      0.00      0.00      0.00      0.00
11:26:40 AM      0.00      0.00    124.00      0.00     96.00      0.00      0.00      0.00      0.00
11:26:41 AM      0.00      0.00     24.00      0.00     56.00      0.00      0.00      0.00      0.00
11:26:42 AM      0.00      0.00     25.00      0.00     55.00      0.00      0.00      0.00      0.00
11:26:43 AM      0.00     24.00    992.00      0.00    510.00      0.00      0.00      0.00      0.00
Average:         0.00     16.00    172.20      0.00    131.50      0.00      0.00      0.00      0.00
