Linux 2.6.32-042stab120.16 (college-cloud) 	04/19/2017 	_x86_64_	(8 CPU)

04:56:40 PM  pgpgin/s pgpgout/s   fault/s  majflt/s  pgfree/s pgscank/s pgscand/s pgsteal/s    %vmeff
04:56:41 PM      0.00      0.00     38.38      0.00     64.65      0.00      0.00      0.00      0.00
04:56:42 PM      0.00     20.00    541.00      0.00    385.00      0.00      0.00      0.00      0.00
04:56:43 PM      0.00      0.00     32.00      0.00     61.00      0.00      0.00      0.00      0.00
04:56:44 PM      0.00     43.56     31.68      0.00     61.39      0.00      0.00      0.00      0.00
04:56:45 PM      0.00     85.71     32.65      0.00     62.24      0.00      0.00      0.00      0.00
04:56:46 PM      0.00      0.00     32.32      0.00     60.61      0.00      0.00      0.00      0.00
04:56:47 PM      0.00     44.00  40875.00      0.00  12555.00      0.00      0.00      0.00      0.00
04:56:48 PM      0.00      0.00     57.58      0.00     61.62      0.00      0.00      0.00      0.00
04:56:49 PM      0.00      0.00     48.00      0.00     61.00      0.00      0.00      0.00      0.00
04:56:50 PM      0.00      0.00     42.57      0.00     74.26      0.00      0.00      0.00      0.00
Average:         0.00     19.26   4185.56      0.00   1348.55      0.00      0.00      0.00      0.00
