Linux 2.6.32-042stab120.16 (college-cloud) 	04/21/2017 	_x86_64_	(8 CPU)

09:57:18 AM  pgpgin/s pgpgout/s   fault/s  majflt/s  pgfree/s pgscank/s pgscand/s pgsteal/s    %vmeff
09:57:19 AM      0.00     40.00     40.00      0.00     64.00      0.00      0.00      0.00      0.00
09:57:20 AM      0.00      0.00     42.00      0.00     65.00      0.00      0.00      0.00      0.00
09:57:21 AM      0.00      0.00     33.00      0.00     62.00      0.00      0.00      0.00      0.00
09:57:22 AM      0.00    100.00     34.00      0.00     78.00      0.00      0.00      0.00      0.00
09:57:23 AM      0.00      0.00     33.33      0.00     62.63      0.00      0.00      0.00      0.00
09:57:24 AM      0.00      0.00     32.00      0.00     62.00      0.00      0.00      0.00      0.00
09:57:25 AM      0.00      0.00     45.00      0.00     73.00      0.00      0.00      0.00      0.00
09:57:26 AM      0.00      0.00     35.00      0.00     73.00      0.00      0.00      0.00      0.00
09:57:27 AM      0.00     12.00     34.00      0.00     62.00      0.00      0.00      0.00      0.00
09:57:28 AM      0.00      0.00     36.36      0.00     63.64      0.00      0.00      0.00      0.00
Average:         0.00     15.23     36.47      0.00     66.53      0.00      0.00      0.00      0.00
