Linux 2.6.32-042stab120.16 (college-cloud) 	04/21/2017 	_x86_64_	(8 CPU)

09:56:02 AM  pgpgin/s pgpgout/s   fault/s  majflt/s  pgfree/s pgscank/s pgscand/s pgsteal/s    %vmeff
09:56:03 AM      0.00     20.20   1156.57      0.00    521.21      0.00      0.00      0.00      0.00
09:56:04 AM      0.00      0.00     39.39      0.00     61.62      0.00      0.00      0.00      0.00
09:56:05 AM      0.00      0.00     43.00      0.00     84.00      0.00      0.00      0.00      0.00
09:56:06 AM      0.00      0.00     32.32      0.00     62.63      0.00      0.00      0.00      0.00
09:56:07 AM      0.00      0.00  21725.74      0.00   6115.84      0.00      0.00      0.00      0.00
09:56:08 AM      0.00     80.81     34.34      0.00     82.83      0.00      0.00      0.00      0.00
09:56:09 AM      0.00      0.00     49.49      0.00     86.87      0.00      0.00      0.00      0.00
09:56:10 AM      0.00    100.00     34.00      0.00     82.00      0.00      0.00      0.00      0.00
09:56:11 AM      0.00      0.00     33.33      0.00     86.87      0.00      0.00      0.00      0.00
09:56:12 AM      0.00      0.00     33.00      0.00     82.00      0.00      0.00      0.00      0.00
Average:         0.00     20.10   2350.25      0.00    735.48      0.00      0.00      0.00      0.00
