Linux 2.6.32-042stab120.16 (college-cloud) 	04/21/2017 	_x86_64_	(8 CPU)

09:58:16 AM  pgpgin/s pgpgout/s   fault/s  majflt/s  pgfree/s pgscank/s pgscand/s pgsteal/s    %vmeff
09:58:17 AM      0.00      0.00     40.00      0.00     66.00      0.00      0.00      0.00      0.00
09:58:18 AM      0.00      0.00     40.00      0.00     61.00      0.00      0.00      0.00      0.00
09:58:19 AM      0.00      0.00     31.68      0.00     72.28      0.00      0.00      0.00      0.00
09:58:20 AM      0.00      0.00     32.65      0.00     62.24      0.00      0.00      0.00      0.00
09:58:21 AM      0.00     84.00     32.00      0.00     61.00      0.00      0.00      0.00      0.00
09:58:22 AM      0.00     16.00     45.00      0.00     67.00      0.00      0.00      0.00      0.00
09:58:23 AM      0.00      0.00     32.65      0.00     77.55      0.00      0.00      0.00      0.00
09:58:24 AM      0.00      0.00     32.00      0.00     61.00      0.00      0.00      0.00      0.00
09:58:25 AM      0.00      0.00     44.00      0.00     79.00      0.00      0.00      0.00      0.00
09:58:26 AM      0.00      0.00     32.00      0.00     61.00      0.00      0.00      0.00      0.00
Average:         0.00     10.03     36.21      0.00     66.80      0.00      0.00      0.00      0.00
