Linux 3.13.0-95-generic (vagrant-ubuntu-trusty-64) 	04/19/2017 	_x86_64_	(4 CPU)

11:33:17 AM  pgpgin/s pgpgout/s   fault/s  majflt/s  pgfree/s pgscank/s pgscand/s pgsteal/s    %vmeff
11:33:18 AM      0.00      0.00    224.00      0.00    193.00      0.00      0.00      0.00      0.00
11:33:19 AM      0.00      0.00     75.00      0.00    147.00      0.00      0.00      0.00      0.00
11:33:20 AM      0.00      0.00    496.00      0.00   1605.00      0.00      0.00      0.00      0.00
11:33:21 AM      0.00      0.00     26.00      0.00     57.00      0.00      0.00      0.00      0.00
11:33:22 AM      0.00      0.00     23.00      0.00     96.00      0.00      0.00      0.00      0.00
11:33:23 AM      0.00     76.00   1068.00      0.00    256.00      0.00      0.00      0.00      0.00
11:33:24 AM      0.00    609.90     32.67      0.00     65.35      0.00      0.00      0.00      0.00
11:33:25 AM      0.00      0.00     63.00      0.00    205.00      0.00      0.00      0.00      0.00
11:33:26 AM      0.00      0.00     66.00      0.00    119.00      0.00      0.00      0.00      0.00
11:33:27 AM      0.00      0.00     23.00      0.00    101.00      0.00      0.00      0.00      0.00
Average:         0.00     69.13    209.49      0.00    284.22      0.00      0.00      0.00      0.00
