Linux 3.13.0-95-generic (vagrant-ubuntu-trusty-64) 	04/19/2017 	_x86_64_	(4 CPU)

11:32:12 AM  pgpgin/s pgpgout/s   fault/s  majflt/s  pgfree/s pgscank/s pgscand/s pgsteal/s    %vmeff
11:32:13 AM      0.00      0.00    826.00      0.00    295.00      0.00      0.00      0.00      0.00
11:32:14 AM      0.00     44.00     51.00      0.00     57.00      0.00      0.00      0.00      0.00
11:32:15 AM      0.00      0.00     60.00      0.00     63.00      0.00      0.00      0.00      0.00
11:32:16 AM      0.00      0.00     51.00      0.00     98.00      0.00      0.00      0.00      0.00
11:32:17 AM      0.00      0.00     38.00      0.00    112.00      0.00      0.00      0.00      0.00
11:32:18 AM      0.00      0.00     23.00      0.00     55.00      0.00      0.00      0.00      0.00
11:32:19 AM      0.00     44.00    244.00      0.00    151.00      0.00      0.00      0.00      0.00
11:32:20 AM      0.00     48.00     83.00      0.00    115.00      0.00      0.00      0.00      0.00
11:32:21 AM      0.00      0.00     40.00      0.00    132.00      0.00      0.00      0.00      0.00
11:32:22 AM      0.00      0.00     96.00      0.00     65.00      0.00      0.00      0.00      0.00
Average:         0.00     13.60    151.20      0.00    114.30      0.00      0.00      0.00      0.00
